aircraft: Boeing 737-400

fuselage:
  length: 33.40
  height: 3.73
  width: 3.73

wing:
  area: 91.04
  span: 28.88
  mac: 3.73
  sweep_14: 25
  sweep_12: 22.02
  sweep_le: 27
  t_c: 0.129

flap:
  type: triple-slotted
  area: 18.208
  bf_b: 0.72
  sf_s: 0.20
  cf_c: 0.20
  lambda_f: 0.90

slat:
  cs_c: 0.15
  bs_b: 0.72

limits:
  MTOW: 396800

engine:
  type: turbofan
  mount: wing
  num_motors: 4
  name: PW4062
  max_thrust_sl: 275800
  bypass_ratio: 4.6
  zpos: 0
  cff1: 2.88943
  cff2: -2.16939
  cff3: 2.00708

polar:
  CD0: 0.021
  k: 0.049
  e: 0.816

landing_gear:
  main:
    x: 4
    z: 3
    number: 1
  nose:
    x: 28
    z: 3
    number: 1

inertia:
  iy: 41352447.838

coeffs:
  cla: 7.4905
  CL0: 0.1197
  CLa: 5.4681
  alpha_max: 13.5
  CLmax: 1.4156
  CLde: 0.36
  CLih: 0.75
  CLq: 5.65
  Cm0: 0.0
  Cma: -1.45
  Cmde: -1.40
  Cmih: -3.0
  Cmq: -21.4